83.000000 0.001689
84.000000 0.003378
85.000000 0.006757
86.000000 0.021959
87.000000 0.032095
88.000000 0.043919
89.000000 0.074324
90.000000 0.091216
91.000000 0.104730
92.000000 0.182432
93.000000 0.199324
94.000000 0.214527
95.000000 0.233108
96.000000 0.243243
97.000000 0.256757
98.000000 0.268581
99.000000 0.282095
100.000000 0.285473
101.000000 0.292230
102.000000 0.297297
103.000000 0.302365
104.000000 0.307432
105.000000 0.320946
106.000000 0.326014
107.000000 0.327703
108.000000 0.341216
109.000000 0.347973
110.000000 0.359797
111.000000 0.368243
112.000000 0.376689
113.000000 0.381757
114.000000 0.383446
115.000000 0.386824
116.000000 0.393581
117.000000 0.396959
118.000000 0.400338
120.000000 0.408784
121.000000 0.418919
122.000000 0.420608
123.000000 0.425676
124.000000 0.427365
126.000000 0.432432
127.000000 0.445946
128.000000 0.457770
129.000000 0.471284
130.000000 0.481419
131.000000 0.488176
132.000000 0.491554
133.000000 0.493243
134.000000 0.506757
135.000000 0.523649
136.000000 0.527027
137.000000 0.530405
138.000000 0.540541
139.000000 0.552365
140.000000 0.555743
141.000000 0.570946
142.000000 0.579392
144.000000 0.584459
145.000000 0.587838
146.000000 0.589527
147.000000 0.596284
148.000000 0.603041
149.000000 0.608108
150.000000 0.613176
151.000000 0.619932
152.000000 0.623311
153.000000 0.630068
154.000000 0.636824
155.000000 0.643581
156.000000 0.652027
157.000000 0.655405
158.000000 0.667230
159.000000 0.668919
160.000000 0.685811
161.000000 0.692568
162.000000 0.707770
163.000000 0.711149
164.000000 0.717905
165.000000 0.719595
166.000000 0.726351
167.000000 0.728041
168.000000 0.739865
169.000000 0.746622
170.000000 0.763514
171.000000 0.766892
172.000000 0.777027
173.000000 0.787162
174.000000 0.795608
175.000000 0.800676
176.000000 0.805743
177.000000 0.812500
179.000000 0.814189
180.000000 0.815878
181.000000 0.820946
182.000000 0.824324
183.000000 0.831081
184.000000 0.837838
185.000000 0.839527
186.000000 0.846284
187.000000 0.849662
188.000000 0.853041
189.000000 0.854730
190.000000 0.856419
191.000000 0.858108
195.000000 0.863176
197.000000 0.866554
199.000000 0.868243
200.000000 0.869932
201.000000 0.871622
203.000000 0.873311
205.000000 0.876689
207.000000 0.880068
208.000000 0.881757
214.000000 0.883446
216.000000 0.886824
219.000000 0.888514
226.000000 0.890203
227.000000 0.891892
232.000000 0.893581
233.000000 0.895270
235.000000 0.896959
236.000000 0.900338
238.000000 0.902027
239.000000 0.903716
240.000000 0.905405
241.000000 0.907095
244.000000 0.908784
246.000000 0.910473
247.000000 0.912162
249.000000 0.913851
251.000000 0.923986
252.000000 0.925676
254.000000 0.929054
257.000000 0.930743
260.000000 0.932432
264.000000 0.934122
270.000000 0.935811
272.000000 0.939189
275.000000 0.944257
276.000000 0.949324
278.000000 0.952703
279.000000 0.969595
281.000000 0.972973
284.000000 0.979730
285.000000 0.984797
287.000000 0.988176
289.000000 0.989865
290.000000 0.991554
304.000000 0.994932
316.000000 0.996622
318.000000 0.998311
394.000000 1.000000
