64.000000 0.001692
67.000000 0.008460
68.000000 0.010152
69.000000 0.016920
70.000000 0.042301
71.000000 0.087986
72.000000 0.128596
73.000000 0.194585
74.000000 0.257191
75.000000 0.340102
76.000000 0.477157
77.000000 0.531303
78.000000 0.590525
79.000000 0.654822
80.000000 0.710660
81.000000 0.756345
82.000000 0.785110
83.000000 0.818951
84.000000 0.859560
85.000000 0.896785
86.000000 0.912014
87.000000 0.925550
88.000000 0.935702
89.000000 0.947547
90.000000 0.959391
91.000000 0.967851
92.000000 0.974619
93.000000 0.979695
94.000000 0.983080
95.000000 0.984772
96.000000 0.989848
97.000000 0.991540
106.000000 0.993232
125.000000 0.996616
132.000000 1.000000
