60.000000 0.035248
61.000000 0.035275
62.000000 0.035301
63.000000 0.035327
66.000000 0.035354
70.000000 0.035459
71.000000 0.035485
72.000000 0.035511
74.000000 0.035538
75.000000 0.035564
78.000000 0.035590
79.000000 0.035617
82.000000 0.035643
83.000000 0.035669
84.000000 0.038457
85.000000 0.038510
86.000000 0.042666
87.000000 0.042824
88.000000 0.043113
89.000000 0.043797
90.000000 0.044323
91.000000 0.044534
92.000000 0.045744
93.000000 0.046428
94.000000 0.046665
95.000000 0.047007
96.000000 0.047164
97.000000 0.047375
98.000000 0.047559
99.000000 0.047822
100.000000 0.047901
101.000000 0.048032
102.000000 0.048111
103.000000 0.048190
104.000000 0.048269
105.000000 0.048480
106.000000 0.048559
107.000000 0.048611
108.000000 0.048822
109.000000 0.048927
110.000000 0.049137
111.000000 0.049269
112.000000 0.049427
113.000000 0.049532
114.000000 0.049558
115.000000 0.049611
116.000000 0.049795
117.000000 0.049847
118.000000 0.049900
120.000000 0.050032
121.000000 0.050242
122.000000 0.050268
123.000000 0.050347
124.000000 0.050400
126.000000 0.050479
127.000000 0.050715
128.000000 0.050952
129.000000 0.051163
130.000000 0.051320
131.000000 0.051426
132.000000 0.051478
133.000000 0.051505
134.000000 0.052478
135.000000 0.052767
136.000000 0.052820
137.000000 0.052872
138.000000 0.053136
139.000000 0.053320
140.000000 0.053372
141.000000 0.053635
142.000000 0.053793
144.000000 0.053872
145.000000 0.054135
146.000000 0.054346
147.000000 0.054845
148.000000 0.055608
149.000000 0.055687
150.000000 0.056003
151.000000 0.056397
152.000000 0.056555
153.000000 0.057029
154.000000 0.057239
155.000000 0.057371
156.000000 0.057686
157.000000 0.057923
158.000000 0.058107
159.000000 0.058239
160.000000 0.059080
161.000000 0.059186
162.000000 0.059475
163.000000 0.059554
164.000000 0.059659
165.000000 0.059685
166.000000 0.059817
167.000000 0.059843
168.000000 0.060027
169.000000 0.060133
170.000000 0.060396
171.000000 0.060448
172.000000 0.060606
173.000000 0.060790
174.000000 0.060922
175.000000 0.061001
176.000000 0.061080
177.000000 0.061185
179.000000 0.061527
180.000000 0.061685
181.000000 0.062079
182.000000 0.062132
183.000000 0.062290
184.000000 0.062395
185.000000 0.062421
186.000000 0.062553
187.000000 0.062605
188.000000 0.062658
189.000000 0.062684
190.000000 0.062710
191.000000 0.062737
194.000000 0.063263
195.000000 0.063342
196.000000 0.063368
197.000000 0.063421
198.000000 0.063447
199.000000 0.063526
200.000000 0.063578
201.000000 0.063605
203.000000 0.063631
205.000000 0.063684
206.000000 0.063710
207.000000 0.063763
208.000000 0.063947
209.000000 0.063973
210.000000 0.063999
214.000000 0.064026
216.000000 0.064131
218.000000 0.065578
219.000000 0.065604
222.000000 0.065788
223.000000 0.065814
226.000000 0.065841
227.000000 0.065867
228.000000 0.065920
229.000000 0.065946
232.000000 0.065972
233.000000 0.065999
235.000000 0.066077
236.000000 0.066130
238.000000 0.066156
239.000000 0.066209
240.000000 0.066262
241.000000 0.066393
243.000000 0.066472
244.000000 0.066656
245.000000 0.067103
246.000000 0.067130
247.000000 0.067182
249.000000 0.067209
251.000000 0.067366
252.000000 0.067393
254.000000 0.067445
255.000000 0.067472
257.000000 0.067498
259.000000 0.067524
260.000000 0.067551
264.000000 0.067577
265.000000 0.067603
268.000000 0.067656
270.000000 0.067682
271.000000 0.067708
272.000000 0.067761
274.000000 0.067787
275.000000 0.067866
276.000000 0.067945
278.000000 0.067998
279.000000 0.068261
280.000000 0.068287
281.000000 0.068392
283.000000 0.068419
284.000000 0.068524
285.000000 0.068603
287.000000 0.068655
288.000000 0.068682
289.000000 0.068708
290.000000 0.068734
296.000000 0.068945
298.000000 0.068971
300.000000 0.069024
301.000000 0.069050
304.000000 0.069102
310.000000 0.069155
316.000000 0.069181
318.000000 0.069208
320.000000 0.069234
324.000000 0.069260
332.000000 0.069339
335.000000 0.069366
341.000000 0.069444
346.000000 0.069892
350.000000 0.069918
364.000000 0.069997
366.000000 0.070023
367.000000 0.070049
369.000000 0.070076
371.000000 0.070102
377.000000 0.070339
381.000000 0.070365
384.000000 0.070391
386.000000 0.070418
388.000000 0.070549
394.000000 0.070576
402.000000 0.070602
408.000000 0.070654
409.000000 0.070707
410.000000 0.070944
411.000000 0.070996
412.000000 0.071496
413.000000 0.071523
414.000000 0.071549
415.000000 0.071601
421.000000 0.071628
423.000000 0.071654
429.000000 0.072417
434.000000 0.072443
442.000000 0.072733
443.000000 0.072811
445.000000 0.072864
446.000000 0.072890
447.000000 0.072917
455.000000 0.073285
464.000000 0.073311
467.000000 0.073338
468.000000 0.073364
470.000000 0.073390
471.000000 0.073416
476.000000 0.073443
479.000000 0.073469
483.000000 0.073522
486.000000 0.073548
490.000000 0.073574
495.000000 0.074732
501.000000 0.074758
505.000000 0.074837
512.000000 0.074863
514.000000 0.074942
516.000000 0.074968
517.000000 0.074995
518.000000 0.075021
519.000000 0.075100
520.000000 0.075153
521.000000 0.075179
525.000000 0.075205
530.000000 0.075231
532.000000 0.075258
540.000000 0.075284
543.000000 0.075310
546.000000 0.075337
548.000000 0.075521
549.000000 0.075547
550.000000 0.075600
556.000000 0.075626
561.000000 0.075731
562.000000 0.075758
566.000000 0.075784
567.000000 0.075810
568.000000 0.075836
569.000000 0.075942
570.000000 0.075968
571.000000 0.075994
583.000000 0.076021
588.000000 0.076047
591.000000 0.076073
605.000000 0.076336
612.000000 0.076363
614.000000 0.076468
617.000000 0.076494
620.000000 0.076547
621.000000 0.076573
622.000000 0.076599
624.000000 0.076626
636.000000 0.076652
641.000000 0.076678
643.000000 0.076705
651.000000 0.076757
656.000000 0.076783
660.000000 0.076810
666.000000 0.076836
670.000000 0.076889
671.000000 0.076915
674.000000 0.076941
678.000000 0.077020
679.000000 0.077047
680.000000 0.077073
686.000000 0.077152
687.000000 0.077178
688.000000 0.077231
691.000000 0.077257
696.000000 0.077283
702.000000 0.077336
720.000000 0.077362
722.000000 0.077388
724.000000 0.077415
726.000000 0.077441
731.000000 0.077467
732.000000 0.077494
740.000000 0.077520
742.000000 0.077546
743.000000 0.077599
752.000000 0.077625
753.000000 0.077678
755.000000 0.077704
757.000000 0.077730
765.000000 0.077757
767.000000 0.077783
770.000000 0.077915
778.000000 0.077941
779.000000 0.077967
795.000000 0.077993
796.000000 0.078046
801.000000 0.078072
803.000000 0.078125
804.000000 0.078151
808.000000 0.078178
826.000000 0.078257
828.000000 0.078283
829.000000 0.078388
833.000000 0.078414
835.000000 0.078441
836.000000 0.078493
838.000000 0.078546
843.000000 0.078572
844.000000 0.078625
846.000000 0.078651
847.000000 0.078677
850.000000 0.078704
852.000000 0.078730
853.000000 0.078756
856.000000 0.078809
860.000000 0.078835
862.000000 0.078862
863.000000 0.078888
867.000000 0.078940
871.000000 0.078993
873.000000 0.079019
874.000000 0.079046
875.000000 0.079072
884.000000 0.079098
887.000000 0.079125
888.000000 0.079151
892.000000 0.079203
894.000000 0.079230
897.000000 0.079256
898.000000 0.079282
901.000000 0.079309
902.000000 0.079335
903.000000 0.079361
904.000000 0.079388
905.000000 0.079545
906.000000 0.079572
908.000000 0.079598
910.000000 0.079624
915.000000 0.079651
917.000000 0.079703
921.000000 0.079756
930.000000 0.083833
932.000000 0.083859
933.000000 0.083886
940.000000 0.083938
946.000000 0.083965
948.000000 0.083991
952.000000 0.084017
955.000000 0.084044
967.000000 0.084070
975.000000 0.084096
976.000000 0.084149
992.000000 0.084280
994.000000 0.084307
998.000000 0.084333
1013.000000 0.084359
1019.000000 0.084412
1020.000000 0.084438
1022.000000 0.084464
1024.000000 0.084491
1025.000000 0.084517
1028.000000 0.084570
1030.000000 0.084596
1034.000000 0.084622
1036.000000 0.084675
1046.000000 0.084701
1054.000000 0.084727
1056.000000 0.084780
1062.000000 0.084806
1073.000000 0.084833
1082.000000 0.084885
1092.000000 0.084912
1093.000000 0.084938
1094.000000 0.084964
1103.000000 0.085043
1104.000000 0.085069
1109.000000 0.085096
1110.000000 0.085122
1114.000000 0.085148
1115.000000 0.085175
1118.000000 0.085201
1119.000000 0.085227
1122.000000 0.085254
1123.000000 0.085280
1125.000000 0.085332
1127.000000 0.085359
1131.000000 0.085385
1132.000000 0.085411
1136.000000 0.085464
1138.000000 0.085490
1141.000000 0.085517
1142.000000 0.085543
1144.000000 0.085569
1150.000000 0.085596
1152.000000 0.085622
1153.000000 0.085648
1156.000000 0.085701
1158.000000 0.085753
1160.000000 0.085780
1162.000000 0.085806
1168.000000 0.085832
1170.000000 0.085859
1175.000000 0.085885
1176.000000 0.085911
1184.000000 0.085938
1185.000000 0.085964
1195.000000 0.085990
1201.000000 0.086016
1204.000000 0.086043
1207.000000 0.086069
1210.000000 0.086279
1216.000000 0.086306
1218.000000 0.086332
1225.000000 0.086358
1227.000000 0.086385
1231.000000 0.086437
1244.000000 0.086464
1262.000000 0.086490
1263.000000 0.086516
1269.000000 0.086543
1273.000000 0.086595
1274.000000 0.086674
1280.000000 0.086700
1282.000000 0.086727
1292.000000 0.086753
1294.000000 0.086779
1297.000000 0.086806
1304.000000 0.086911
1310.000000 0.086937
1311.000000 0.086990
1315.000000 0.087042
1316.000000 0.087069
1317.000000 0.087174
1318.000000 0.087305
1319.000000 0.087332
1325.000000 0.087358
1331.000000 0.087384
1334.000000 0.087411
1337.000000 0.087437
1342.000000 0.087489
1344.000000 0.087516
1346.000000 0.087568
1347.000000 0.087595
1348.000000 0.087674
1349.000000 0.087726
1350.000000 0.087937
1352.000000 0.087963
1353.000000 0.088016
1354.000000 0.088173
1355.000000 0.088200
1357.000000 0.088252
1362.000000 0.088305
1378.000000 0.088331
1380.000000 0.088358
1381.000000 0.088436
1382.000000 0.088515
1383.000000 0.088594
1388.000000 0.089278
1390.000000 0.089305
1395.000000 0.089331
1397.000000 0.089383
1404.000000 0.089410
1406.000000 0.089436
1413.000000 0.089462
1417.000000 0.089489
1419.000000 0.089515
1430.000000 0.100168
1434.000000 0.100195
1435.000000 0.100221
1439.000000 0.100247
1447.000000 0.100274
1452.000000 0.100300
1453.000000 0.100326
1456.000000 0.100379
1457.000000 0.100589
1472.000000 0.117687
1490.000000 0.117740
1491.000000 0.117766
1493.000000 0.117793
1495.000000 0.117819
1500.000000 0.117845
1501.000000 0.117871
1502.000000 0.117950
1506.000000 0.117977
1507.000000 0.118003
1508.000000 0.118056
1509.000000 0.118082
1510.000000 0.118161
1511.000000 0.118476
1512.000000 0.119081
1513.000000 0.124027
1514.000000 1.000000
