0 193816
1 483232
2 456856
3 637768
4 499888
5 397072
6 385176
7 349776
8 247768
9 342504
10 419688
11 243248
12 313536
13 438880
14 468840
15 380872
16 252488
17 287016
18 263352
19 658792
20 419752
21 306648
22 336840
23 716528
24 543448
25 768048
26 483328
27 613528
28 540024
29 393088
30 508888
31 509560
32 400704
33 524328
34 601384
35 429352
36 278672
37 244256
38 311480
39 313880
40 271064
41 287424
42 262016
43 267096
44 327768
45 199064
46 207472
47 196312
48 324488
49 318832
50 234960
51 231048
52 231544
53 441272
54 422768
55 346688
56 338760
57 340176
58 443088
59 353408
60 207920
61 162656
62 158128
63 152440
64 291776
65 149416
66 200848
67 162144
68 149752
69 150512
70 159992
71 167360
72 211032
73 178088
74 200104
75 168128
76 177136
77 170688
78 169064
79 290160
80 210992
81 233040
82 240528
83 226432
84 198264
85 149600
86 149176
87 271136
88 160296
89 158280
90 183008
91 242496
92 316312
93 238616
94 169864
95 149864
96 157144
97 158784
98 156704
99 13520
100 36624
101 73832
102 21376
103 7384
104 39432
105 11976
106 15624
107 150232
108 24648
109 137120
110 113504
111 198992
112 171448
113 84272
114 112368
115 101688
116 76096
117 171952
118 212112
119 157192
120 145096
121 184320
122 103464
123 118128
124 174968
125 189088
126 214136
127 266992
128 474752
129 28016
130 28752
131 20640
132 18912
133 21408
134 12048
