0 214536
1 1692568
2 471584
3 4168264
4 1065448
5 398232
6 387584
7 353784
8 270760
9 360904
10 1285248
11 250904
12 1648824
13 3029384
14 11973712
15 8719480
16 255984
17 335248
18 521384
19 21005992
20 12553264
21 340680
22 3530552
23 26432648
24 10630112
25 40077368
26 1323392
27 16589936
28 9539776
29 589232
30 4772104
31 18372320
32 3439632
33 19671704
34 23349224
35 9362936
36 2754776
37 3374432
38 5065080
39 3219168
40 1229000
41 536984
42 293912
43 277984
44 2062080
45 210072
46 217064
47 949480
48 14404272
49 11773944
50 245728
51 260648
52 236976
53 458320
54 461536
55 370568
56 367024
57 343256
58 456568
59 2904504
60 222368
61 175776
62 171328
63 155128
64 11032256
65 150760
66 3682992
67 183248
68 155480
69 154536
70 182440
71 169808
72 220064
73 193928
74 202424
75 177272
76 191944
77 198208
78 196472
79 1299464
80 226768
81 250960
82 243032
83 228744
84 201144
85 151960
86 161728
87 11856872
88 173888
89 172560
90 866072
91 3692144
92 6896544
93 3672688
94 191216
95 153536
96 168144
97 166408
98 167048
99 29280
100 805176
101 2557992
102 41120
103 18176
104 474736
105 19136
106 24680
107 13515128
108 143840
109 4526320
110 356024
111 214296
112 199768
113 88160
114 126896
115 114064
116 127104
117 183920
118 245712
119 165208
120 153344
121 14285128
122 991968
123 609944
124 3655656
125 5738272
126 11447288
127 5684496
128 32159600
129 1300224
130 28752
131 20640
132 18912
133 21408
134 12048
