54.000000 0.852379
56.000000 0.852460
66.000000 0.936792
69.000000 0.937035
70.000000 0.938491
71.000000 0.938572
74.000000 0.951522
77.000000 0.951602
97.000000 0.951764
99.000000 0.952331
100.000000 0.952412
101.000000 0.953059
110.000000 0.953140
111.000000 0.953221
132.000000 0.953302
133.000000 0.953545
134.000000 0.953707
140.000000 0.953788
142.000000 0.953869
160.000000 0.954192
181.000000 0.954354
215.000000 0.954516
308.000000 0.954597
350.000000 0.954678
371.000000 0.954759
385.000000 0.954840
393.000000 0.955002
402.000000 0.955083
410.000000 0.955163
413.000000 0.955244
423.000000 0.955325
424.000000 0.955406
427.000000 0.955487
431.000000 0.955568
432.000000 0.955649
433.000000 0.955730
435.000000 0.955811
436.000000 0.955973
438.000000 0.956054
439.000000 0.956135
440.000000 0.958644
444.000000 0.958725
445.000000 0.958886
446.000000 0.958967
448.000000 0.959048
449.000000 0.959210
453.000000 0.959291
454.000000 0.959938
455.000000 0.960100
456.000000 0.961233
458.000000 0.961719
459.000000 0.961800
460.000000 0.961881
461.000000 0.966089
462.000000 0.966251
464.000000 0.966494
465.000000 0.967061
467.000000 0.967303
468.000000 0.967465
471.000000 0.967546
472.000000 0.968275
474.000000 0.968355
476.000000 0.968679
477.000000 0.969569
480.000000 0.969893
483.000000 0.969974
484.000000 0.970217
486.000000 0.970379
491.000000 0.970622
493.000000 0.970702
498.000000 0.970783
501.000000 0.970945
511.000000 0.972888
512.000000 0.973050
515.000000 0.975235
528.000000 0.975397
531.000000 0.975478
536.000000 0.975639
537.000000 0.975720
550.000000 0.975801
556.000000 0.975963
559.000000 0.976044
562.000000 0.976125
568.000000 0.976206
571.000000 0.976287
577.000000 0.976368
579.000000 0.976934
580.000000 0.977015
581.000000 0.977177
584.000000 0.977258
587.000000 0.977339
590.000000 0.977420
591.000000 0.977501
598.000000 0.977582
604.000000 0.977663
605.000000 0.977744
606.000000 0.977825
607.000000 0.978148
608.000000 0.978229
610.000000 0.978310
611.000000 0.978472
617.000000 0.978553
626.000000 0.978634
627.000000 0.978958
631.000000 0.980010
634.000000 0.980172
645.000000 0.980253
650.000000 0.980333
653.000000 0.980657
670.000000 0.980738
677.000000 0.981547
679.000000 0.981628
685.000000 0.981709
691.000000 0.981790
709.000000 0.981871
711.000000 0.982114
714.000000 0.982195
721.000000 0.982276
727.000000 0.982357
728.000000 0.982438
729.000000 0.982600
730.000000 0.983004
731.000000 0.983166
734.000000 0.983247
736.000000 0.983328
741.000000 0.983409
742.000000 0.983490
743.000000 0.983571
744.000000 0.983652
745.000000 0.983814
746.000000 0.983975
747.000000 0.984542
748.000000 0.984623
749.000000 0.984704
752.000000 0.984866
753.000000 0.984947
756.000000 0.985028
762.000000 0.985432
766.000000 0.985594
768.000000 0.985999
769.000000 0.986080
773.000000 0.986161
778.000000 0.986242
781.000000 0.986322
782.000000 0.986484
783.000000 0.986646
784.000000 0.986727
786.000000 0.986808
791.000000 0.986889
793.000000 0.986970
802.000000 0.987051
804.000000 0.987213
806.000000 0.987294
810.000000 0.987617
815.000000 0.988103
821.000000 0.988184
822.000000 0.988265
825.000000 0.988346
826.000000 0.988750
827.000000 0.989074
829.000000 0.989155
845.000000 0.989236
856.000000 0.989317
879.000000 0.989398
885.000000 0.989479
888.000000 0.989641
898.000000 0.989722
905.000000 0.989803
909.000000 0.989883
919.000000 0.989964
921.000000 0.990045
936.000000 0.990126
940.000000 0.990207
942.000000 0.990288
952.000000 0.990369
957.000000 0.990450
968.000000 0.990774
971.000000 0.990855
1017.000000 0.990936
1021.000000 0.991017
1029.000000 0.991097
1233.000000 0.991178
1241.000000 0.991259
1248.000000 0.991340
1249.000000 0.991421
1255.000000 0.991502
1259.000000 0.991745
1260.000000 0.992069
1261.000000 0.992150
1262.000000 0.992311
1263.000000 0.992473
1264.000000 0.992635
1265.000000 0.992797
1272.000000 0.992878
1276.000000 0.993040
1279.000000 0.993121
1281.000000 0.993202
1287.000000 0.993364
1288.000000 0.993444
1291.000000 0.993525
1301.000000 0.993687
1315.000000 0.993768
1320.000000 0.993849
1322.000000 0.993930
1328.000000 0.994011
1329.000000 0.994092
1349.000000 0.994173
1414.000000 0.994254
1415.000000 0.994416
1438.000000 0.994578
1475.000000 0.994658
1495.000000 0.994739
1496.000000 0.995387
1497.000000 0.995549
1500.000000 0.995630
1504.000000 0.995711
1512.000000 0.995792
1514.000000 1.000000
