0.000000 0.000956
0.000009 0.001912
0.000010 0.005736
0.000011 0.010516
0.000012 0.021033
0.000013 0.024857
0.000014 0.028681
0.000015 0.032505
0.000016 0.037285
0.000017 0.041109
0.000018 0.046845
0.000019 0.048757
0.000020 0.053537
0.000021 0.054493
0.000022 0.057361
0.000023 0.060229
0.000024 0.062141
0.000025 0.063098
0.000026 0.064054
0.000029 0.065966
0.000030 0.066922
0.000034 0.067878
0.000037 0.068834
0.000089 0.069790
0.000091 0.070746
0.000092 0.072658
0.000093 0.073614
0.000094 0.074570
0.000096 0.075526
0.000100 0.077438
0.000106 0.078394
0.000107 0.079350
0.000109 0.082218
0.000110 0.083174
0.000111 0.085086
0.000112 0.087954
0.000113 0.088910
0.000114 0.090822
0.000115 0.094646
0.000116 0.097514
0.000117 0.101338
0.000118 0.108031
0.000119 0.114723
0.000120 0.116635
0.000121 0.123327
0.000122 0.129063
0.000123 0.132887
0.000124 0.137667
0.000125 0.139579
0.000126 0.143403
0.000127 0.154876
0.000128 0.160612
0.000129 0.168260
0.000130 0.172084
0.000131 0.175908
0.000132 0.179732
0.000133 0.184512
0.000134 0.192161
0.000135 0.198853
0.000136 0.203633
0.000137 0.208413
0.000138 0.216061
0.000139 0.218929
0.000140 0.220841
0.000141 0.222753
0.000142 0.226577
0.000143 0.228489
0.000144 0.233270
0.000145 0.237094
0.000148 0.239006
0.000149 0.241874
0.000150 0.242830
0.000151 0.246654
0.000152 0.247610
0.000153 0.250478
0.000154 0.251434
0.000157 0.252390
0.000158 0.253346
0.000159 0.255258
0.000160 0.256214
0.000163 0.257170
0.000165 0.258126
0.000166 0.260994
0.000167 0.262906
0.000175 0.264818
0.000178 0.265774
0.000180 0.269598
0.000185 0.271511
0.000186 0.274379
0.000187 0.275335
0.000189 0.276291
0.000191 0.278203
0.000193 0.280115
0.000195 0.282027
0.000196 0.283939
0.000197 0.284895
0.000198 0.286807
0.000200 0.287763
0.000201 0.289675
0.000203 0.291587
0.000205 0.294455
0.000206 0.297323
0.000207 0.299235
0.000208 0.300191
0.000209 0.303059
0.000210 0.305927
0.000211 0.307839
0.000212 0.310707
0.000213 0.313576
0.000214 0.315488
0.000215 0.316444
0.000216 0.322180
0.000217 0.324092
0.000218 0.326960
0.000219 0.331740
0.000220 0.333652
0.000221 0.336520
0.000222 0.338432
0.000223 0.341300
0.000224 0.343212
0.000225 0.346080
0.000226 0.347036
0.000227 0.350860
0.000228 0.354685
0.000229 0.356597
0.000230 0.363289
0.000231 0.365201
0.000232 0.369025
0.000233 0.373805
0.000234 0.377629
0.000235 0.384321
0.000236 0.392925
0.000237 0.413002
0.000238 0.428298
0.000239 0.443595
0.000240 0.461759
0.000241 0.483748
0.000242 0.500000
0.000243 0.520076
0.000244 0.534417
0.000245 0.546845
0.000246 0.565966
0.000247 0.586042
0.000248 0.595602
0.000249 0.614723
0.000250 0.627151
0.000251 0.644359
0.000252 0.656788
0.000253 0.671128
0.000254 0.680688
0.000255 0.688337
0.000256 0.698853
0.000257 0.701721
0.000258 0.706501
0.000259 0.708413
0.000260 0.714149
0.000261 0.715105
0.000265 0.717017
0.000266 0.717973
0.000267 0.718929
0.000268 0.721797
0.000269 0.723709
0.000270 0.725621
0.000271 0.726577
0.000273 0.727533
0.000274 0.728489
0.000275 0.730402
0.000276 0.731358
0.000277 0.732314
0.000278 0.733270
0.000279 0.734226
0.000285 0.736138
0.000291 0.739006
0.000292 0.740918
0.000295 0.743786
0.000296 0.745698
0.000297 0.747610
0.000298 0.749522
0.000300 0.750478
0.000301 0.751434
0.000302 0.752390
0.000303 0.753346
0.000304 0.754302
0.000305 0.755258
0.000306 0.756214
0.000307 0.759082
0.000308 0.760994
0.000309 0.761950
0.000311 0.764818
0.000312 0.766730
0.000313 0.769598
0.000314 0.770554
0.000315 0.774379
0.000316 0.776291
0.000317 0.777247
0.000318 0.778203
0.000319 0.782983
0.000320 0.786807
0.000321 0.789675
0.000322 0.794455
0.000323 0.797323
0.000324 0.801147
0.000325 0.805927
0.000326 0.809751
0.000327 0.811663
0.000328 0.814532
0.000329 0.817400
0.000330 0.820268
0.000331 0.821224
0.000332 0.822180
0.000333 0.825048
0.000334 0.826004
0.000336 0.826960
0.000337 0.828872
0.000338 0.832696
0.000339 0.836520
0.000341 0.839388
0.000342 0.841300
0.000344 0.842256
0.000345 0.844168
0.000346 0.846080
0.000347 0.848948
0.000349 0.849904
0.000350 0.850860
0.000351 0.851816
0.000352 0.853728
0.000353 0.855641
0.000354 0.857553
0.000355 0.858509
0.000356 0.860421
0.000357 0.862333
0.000358 0.866157
0.000360 0.869981
0.000361 0.870937
0.000363 0.871893
0.000384 0.872849
0.000410 0.873805
0.000504 0.874761
0.000554 0.875717
0.000703 0.876673
0.000798 0.877629
0.001113 0.878585
0.001136 0.879541
0.001175 0.880497
0.001255 0.881453
0.001391 0.882409
0.001627 0.883365
0.001759 0.884321
0.001958 0.885277
0.002886 0.886233
0.003100 0.887189
0.003183 0.888145
0.003258 0.889101
0.003322 0.890057
0.003558 0.891013
0.004348 0.891969
0.004435 0.892925
0.005273 0.893881
0.005895 0.894837
0.006156 0.895793
0.006262 0.896750
0.006596 0.897706
0.007029 0.898662
0.007040 0.899618
0.007477 0.900574
0.007947 0.901530
0.008439 0.902486
0.008638 0.903442
0.008851 0.904398
0.008880 0.905354
0.009345 0.906310
0.009483 0.907266
0.009537 0.908222
0.009754 0.909178
0.009840 0.910134
0.010027 0.911090
0.010039 0.912046
0.010119 0.913002
0.010402 0.913958
0.010472 0.914914
0.010695 0.915870
0.010812 0.916826
0.010983 0.917782
0.011102 0.918738
0.011479 0.919694
0.011492 0.920650
0.011751 0.921606
0.011965 0.922562
0.012095 0.923518
0.012624 0.924474
0.012709 0.925430
0.012778 0.926386
0.012824 0.927342
0.012874 0.928298
0.013000 0.929254
0.013253 0.930210
0.013644 0.931166
0.013707 0.932122
0.013805 0.933078
0.014185 0.934034
0.014297 0.934990
0.014448 0.935946
0.014617 0.936902
0.014640 0.937859
0.014734 0.938815
0.015810 0.939771
0.016554 0.940727
0.017867 0.941683
0.020407 0.942639
0.021185 0.943595
0.023298 0.944551
0.026712 0.945507
0.026812 0.946463
0.029777 0.947419
0.029790 0.948375
0.030121 0.949331
0.030523 0.950287
0.030948 0.951243
0.034371 0.952199
0.034433 0.953155
0.034467 0.954111
0.034885 0.955067
0.037328 0.956023
0.037902 0.956979
0.038547 0.957935
0.039155 0.958891
0.039276 0.959847
0.039527 0.960803
0.039590 0.961759
0.039885 0.962715
0.039904 0.963671
0.039911 0.964627
0.041108 0.965583
0.041409 0.966539
0.042611 0.967495
0.042639 0.968451
0.044832 0.969407
0.044909 0.970363
0.059453 0.971319
0.059893 0.972275
0.059929 0.973231
0.082935 0.974187
0.083477 0.975143
0.083532 0.976099
0.096524 0.977055
0.099563 0.978011
0.099567 0.978967
0.125539 0.979924
0.125576 0.980880
0.126069 0.981836
0.126080 0.982792
0.140604 0.983748
0.142710 0.984704
0.143582 0.985660
0.153719 0.986616
0.155254 0.987572
0.166909 0.988528
0.166915 0.989484
0.167538 0.990440
0.167766 0.991396
0.168077 0.992352
0.168083 0.993308
0.168648 0.994264
0.169007 0.995220
0.183566 0.996176
0.187063 0.997132
0.193424 0.998088
6.901532 0.999044
7.294209 1.000000
