0.000000 0.000264
0.020772 0.000528
0.021134 0.000793
0.024197 0.001057
0.024553 0.001321
0.024634 0.001585
0.024664 0.001849
0.025250 0.002114
0.025292 0.002378
0.025424 0.002642
0.025539 0.002906
0.025671 0.003170
0.025724 0.003435
0.025769 0.003699
0.025805 0.003963
0.025823 0.004227
0.025828 0.004491
0.025854 0.004756
0.025921 0.005020
0.025923 0.005284
0.025935 0.005548
0.025943 0.005812
0.025944 0.006077
0.025958 0.006341
0.025960 0.006605
0.025962 0.006869
0.025977 0.007133
0.025996 0.007398
0.026030 0.007926
0.026033 0.008190
0.026034 0.008454
0.026037 0.008719
0.026038 0.008983
0.026041 0.009247
0.026045 0.009775
0.026047 0.010304
0.026048 0.010832
0.026050 0.011096
0.026053 0.011625
0.026054 0.012417
0.026056 0.012946
0.026057 0.013210
0.026058 0.013738
0.026059 0.014267
0.026060 0.014795
0.026061 0.015059
0.026062 0.016116
0.026063 0.016645
0.026065 0.016909
0.026066 0.017437
0.026067 0.018230
0.026068 0.018494
0.026069 0.018758
0.026070 0.019022
0.026071 0.019287
0.026072 0.019815
0.026073 0.020079
0.026074 0.021136
0.026076 0.021400
0.026077 0.023250
0.026078 0.023514
0.026080 0.024835
0.026082 0.025627
0.026083 0.026156
0.026084 0.026420
0.026085 0.026948
0.026086 0.028269
0.026087 0.029326
0.026088 0.030383
0.026089 0.031440
0.026090 0.031968
0.026091 0.034082
0.026092 0.034346
0.026093 0.035403
0.026094 0.037252
0.026095 0.038838
0.026096 0.040159
0.026097 0.041480
0.026098 0.042801
0.026099 0.044914
0.026100 0.046764
0.026101 0.048085
0.026102 0.050991
0.026103 0.052576
0.026104 0.055218
0.026105 0.057067
0.026106 0.060502
0.026107 0.063144
0.026108 0.067107
0.026109 0.072391
0.026110 0.075297
0.026111 0.078996
0.026112 0.082431
0.026113 0.087186
0.026114 0.092470
0.026115 0.097226
0.026116 0.102774
0.026117 0.109379
0.026118 0.117041
0.026119 0.126024
0.026120 0.134478
0.026121 0.142140
0.026122 0.149009
0.026123 0.159049
0.026124 0.165125
0.026125 0.172523
0.026126 0.181242
0.026127 0.190753
0.026128 0.200528
0.026129 0.216909
0.026130 0.230911
0.026131 0.246764
0.026132 0.258653
0.026133 0.271863
0.026134 0.289564
0.026135 0.304359
0.026136 0.322853
0.026137 0.342933
0.026138 0.368296
0.026139 0.400000
0.026140 0.434082
0.026141 0.459974
0.026142 0.487715
0.026143 0.506737
0.026144 0.527609
0.026145 0.545575
0.026146 0.560370
0.026147 0.577807
0.026148 0.596037
0.026149 0.615324
0.026150 0.627213
0.026151 0.645707
0.026152 0.663672
0.026153 0.676354
0.026154 0.688243
0.026155 0.701717
0.026156 0.715456
0.026157 0.731308
0.026158 0.745046
0.026159 0.762483
0.026160 0.779128
0.026161 0.791281
0.026162 0.804756
0.026163 0.816380
0.026164 0.825363
0.026165 0.834346
0.026166 0.844650
0.026167 0.851783
0.026168 0.861559
0.026169 0.869485
0.026170 0.879789
0.026171 0.886394
0.026172 0.894320
0.026173 0.899604
0.026174 0.902510
0.026175 0.908851
0.026176 0.912285
0.026177 0.916513
0.026178 0.921797
0.026179 0.926024
0.026180 0.929723
0.026181 0.934214
0.026182 0.935535
0.026183 0.938441
0.026184 0.940026
0.026185 0.942668
0.026186 0.944254
0.026187 0.945839
0.026188 0.947952
0.026189 0.948745
0.026190 0.950859
0.026191 0.952444
0.026192 0.953501
0.026193 0.954822
0.026194 0.956407
0.026195 0.958520
0.026196 0.959841
0.026197 0.960634
0.026198 0.962483
0.026199 0.963012
0.026200 0.964333
0.026201 0.965390
0.026202 0.966446
0.026203 0.968560
0.026204 0.970410
0.026205 0.971995
0.026206 0.973316
0.026208 0.974373
0.026209 0.974637
0.026210 0.975958
0.026211 0.976222
0.026212 0.977279
0.026213 0.978071
0.026214 0.979128
0.026215 0.980449
0.026217 0.980713
0.026218 0.981242
0.026219 0.981506
0.026220 0.982034
0.026221 0.982299
0.026222 0.982827
0.026225 0.983620
0.026226 0.984412
0.026227 0.985469
0.026229 0.985997
0.026231 0.986262
0.026232 0.987318
0.026233 0.987847
0.026234 0.988111
0.026236 0.988375
0.026237 0.988639
0.026238 0.989168
0.026241 0.989696
0.026242 0.989960
0.026248 0.990225
0.026249 0.990753
0.026257 0.991017
0.026260 0.991281
0.026263 0.991546
0.026265 0.992074
0.026278 0.992338
0.026279 0.992602
0.026289 0.992867
0.026294 0.993131
0.026314 0.993395
0.026322 0.993659
0.026341 0.993923
0.026375 0.994188
0.026383 0.994452
0.026384 0.994716
0.026427 0.994980
0.026469 0.995244
0.026483 0.995509
0.026517 0.995773
0.026523 0.996037
0.026573 0.996301
0.026615 0.996565
0.026769 0.996830
0.026780 0.997094
0.027007 0.997358
0.027053 0.997622
0.027603 0.997886
0.027648 0.998151
0.027706 0.998415
0.028085 0.998679
0.031148 0.998943
0.031535 0.999207
0.042649 0.999472
0.042662 0.999736
0.042716 1.000000
