60.000000 0.034989
61.000000 0.035016
62.000000 0.035044
63.000000 0.035071
66.000000 0.035098
70.000000 0.035126
71.000000 0.035153
74.000000 0.035180
75.000000 0.035207
79.000000 0.035235
82.000000 0.035262
84.000000 0.035289
90.000000 0.035344
100.000000 0.035371
112.000000 0.035398
113.000000 0.035426
116.000000 0.035453
124.000000 0.035480
127.000000 0.035508
128.000000 0.035535
138.000000 0.035590
141.000000 0.035617
162.000000 0.035644
163.000000 0.035671
166.000000 0.035699
180.000000 0.035726
194.000000 0.036272
206.000000 0.036299
209.000000 0.036326
216.000000 0.036381
218.000000 0.037882
222.000000 0.038046
223.000000 0.038073
229.000000 0.038100
235.000000 0.038155
239.000000 0.038182
240.000000 0.038210
241.000000 0.038319
243.000000 0.038401
244.000000 0.038537
245.000000 0.039001
259.000000 0.039028
265.000000 0.039056
268.000000 0.039110
271.000000 0.039138
274.000000 0.039165
281.000000 0.039219
288.000000 0.039247
298.000000 0.039274
300.000000 0.039329
301.000000 0.039356
310.000000 0.039410
320.000000 0.039438
324.000000 0.039465
332.000000 0.039520
335.000000 0.039547
341.000000 0.039629
346.000000 0.040093
350.000000 0.040120
366.000000 0.040147
367.000000 0.040175
369.000000 0.040202
371.000000 0.040229
377.000000 0.040475
381.000000 0.040502
384.000000 0.040529
386.000000 0.040557
388.000000 0.040611
402.000000 0.040639
408.000000 0.040666
409.000000 0.040721
410.000000 0.040966
411.000000 0.041021
412.000000 0.041539
413.000000 0.041567
414.000000 0.041594
415.000000 0.041648
421.000000 0.041676
429.000000 0.042467
434.000000 0.042495
442.000000 0.042795
443.000000 0.042849
445.000000 0.042904
446.000000 0.042931
447.000000 0.042959
455.000000 0.043341
464.000000 0.043368
468.000000 0.043395
470.000000 0.043422
471.000000 0.043450
476.000000 0.043477
479.000000 0.043504
483.000000 0.043559
495.000000 0.044760
501.000000 0.044787
512.000000 0.044814
517.000000 0.044842
518.000000 0.044869
519.000000 0.044896
520.000000 0.044951
521.000000 0.044978
525.000000 0.045005
530.000000 0.045033
532.000000 0.045060
540.000000 0.045087
543.000000 0.045115
546.000000 0.045142
549.000000 0.045169
550.000000 0.045224
556.000000 0.045251
561.000000 0.045278
562.000000 0.045306
566.000000 0.045333
567.000000 0.045360
568.000000 0.045388
569.000000 0.045415
570.000000 0.045442
571.000000 0.045469
583.000000 0.045497
588.000000 0.045524
591.000000 0.045551
605.000000 0.045824
612.000000 0.045852
614.000000 0.045961
617.000000 0.045988
620.000000 0.046043
622.000000 0.046070
624.000000 0.046097
636.000000 0.046124
641.000000 0.046152
643.000000 0.046179
651.000000 0.046234
656.000000 0.046261
666.000000 0.046288
670.000000 0.046316
671.000000 0.046343
674.000000 0.046370
678.000000 0.046452
679.000000 0.046479
680.000000 0.046507
686.000000 0.046588
688.000000 0.046643
691.000000 0.046670
696.000000 0.046698
702.000000 0.046752
720.000000 0.046779
722.000000 0.046807
726.000000 0.046834
731.000000 0.046861
732.000000 0.046889
740.000000 0.046916
742.000000 0.046943
743.000000 0.046998
752.000000 0.047025
753.000000 0.047080
755.000000 0.047107
757.000000 0.047134
765.000000 0.047162
767.000000 0.047189
778.000000 0.047216
779.000000 0.047243
795.000000 0.047271
796.000000 0.047325
801.000000 0.047353
803.000000 0.047407
804.000000 0.047434
808.000000 0.047462
826.000000 0.047544
828.000000 0.047571
829.000000 0.047680
833.000000 0.047707
835.000000 0.047735
836.000000 0.047789
838.000000 0.047844
843.000000 0.047871
844.000000 0.047926
846.000000 0.047953
850.000000 0.047980
852.000000 0.048008
853.000000 0.048035
856.000000 0.048090
860.000000 0.048117
862.000000 0.048144
863.000000 0.048171
867.000000 0.048226
871.000000 0.048281
873.000000 0.048308
874.000000 0.048335
875.000000 0.048362
884.000000 0.048390
887.000000 0.048417
892.000000 0.048472
894.000000 0.048499
897.000000 0.048526
901.000000 0.048553
902.000000 0.048581
903.000000 0.048608
904.000000 0.048635
905.000000 0.048799
906.000000 0.048826
908.000000 0.048854
910.000000 0.048881
921.000000 0.048936
930.000000 0.053166
932.000000 0.053193
933.000000 0.053221
940.000000 0.053275
946.000000 0.053302
952.000000 0.053330
955.000000 0.053357
967.000000 0.053384
975.000000 0.053412
976.000000 0.053466
992.000000 0.053603
994.000000 0.053630
998.000000 0.053657
1013.000000 0.053684
1019.000000 0.053739
1020.000000 0.053766
1022.000000 0.053794
1024.000000 0.053821
1025.000000 0.053848
1028.000000 0.053903
1036.000000 0.053957
1046.000000 0.053985
1054.000000 0.054012
1056.000000 0.054067
1062.000000 0.054094
1073.000000 0.054121
1082.000000 0.054176
1092.000000 0.054203
1093.000000 0.054230
1094.000000 0.054258
1103.000000 0.054312
1104.000000 0.054340
1109.000000 0.054367
1110.000000 0.054394
1114.000000 0.054421
1115.000000 0.054449
1118.000000 0.054476
1119.000000 0.054503
1122.000000 0.054531
1123.000000 0.054558
1125.000000 0.054612
1127.000000 0.054640
1131.000000 0.054667
1132.000000 0.054694
1136.000000 0.054722
1138.000000 0.054749
1141.000000 0.054776
1142.000000 0.054803
1144.000000 0.054831
1150.000000 0.054858
1152.000000 0.054885
1153.000000 0.054913
1156.000000 0.054967
1158.000000 0.055022
1160.000000 0.055049
1162.000000 0.055076
1168.000000 0.055104
1170.000000 0.055131
1175.000000 0.055158
1176.000000 0.055186
1184.000000 0.055213
1185.000000 0.055240
1195.000000 0.055267
1201.000000 0.055295
1204.000000 0.055322
1207.000000 0.055349
1210.000000 0.055568
1216.000000 0.055595
1218.000000 0.055622
1225.000000 0.055650
1227.000000 0.055677
1231.000000 0.055704
1244.000000 0.055731
1262.000000 0.055759
1263.000000 0.055786
1269.000000 0.055813
1273.000000 0.055868
1274.000000 0.055950
1280.000000 0.055977
1282.000000 0.056004
1292.000000 0.056032
1297.000000 0.056059
1304.000000 0.056168
1310.000000 0.056195
1311.000000 0.056250
1315.000000 0.056305
1316.000000 0.056332
1317.000000 0.056441
1318.000000 0.056578
1319.000000 0.056605
1325.000000 0.056632
1331.000000 0.056659
1334.000000 0.056687
1337.000000 0.056714
1342.000000 0.056769
1344.000000 0.056796
1346.000000 0.056850
1347.000000 0.056878
1348.000000 0.056960
1349.000000 0.057014
1350.000000 0.057233
1352.000000 0.057260
1353.000000 0.057314
1354.000000 0.057478
1355.000000 0.057505
1357.000000 0.057560
1362.000000 0.057615
1378.000000 0.057642
1380.000000 0.057669
1381.000000 0.057751
1382.000000 0.057833
1383.000000 0.057915
1388.000000 0.058488
1390.000000 0.058515
1395.000000 0.058543
1397.000000 0.058597
1404.000000 0.058624
1406.000000 0.058652
1413.000000 0.058679
1417.000000 0.058706
1419.000000 0.058734
1430.000000 0.068750
1434.000000 0.068777
1435.000000 0.068805
1439.000000 0.068832
1447.000000 0.068859
1452.000000 0.068886
1453.000000 0.068914
1456.000000 0.068968
1457.000000 0.069187
1472.000000 0.086463
1490.000000 0.086517
1491.000000 0.086545
1493.000000 0.086572
1495.000000 0.086599
1500.000000 0.086627
1501.000000 0.086654
1502.000000 0.086736
1506.000000 0.086763
1507.000000 0.086790
1508.000000 0.086845
1509.000000 0.086872
1510.000000 0.086954
1511.000000 0.087282
1512.000000 0.087909
1513.000000 0.093040
1514.000000 1.000000
